33.2108425
13.30794
32.2108425
28.3773504
11.1693855
30.2977434
28.745628
18.3107628
10.1216064
17.5305552
26.6060916
25.083954
18.5910489
6.2384544
2.0686752
23.9646528
23.6012508
22.0021335
18.7018428
15.1934505
8.7228414
2.750616
22.1961156
20.3810757
22.4406774
21.2579016
13.1911956
14.1092718
8.5142793
4.1599272
21.8088585
21.5192268
20.691105
18.584808
16.9985214
15.5342514
11.6604474
7.696767
3.7772325
23.9294766
21.6546837
24.1554339
20.5719795
14.1663654
14.7559482
15.4580625
9.8622432
7.3075464
4.051896
1.1385624
19.0861755
17.7848973
17.7450048
16.319004
16.5464946
14.9226528
12.8570796
11.390625
8.955756
6.6439827
3.9537624
1.6783728
9.9693666
10.1875452
9.6010464
10.7163342
8.5596192
8.4230223
5.858532
7.221888
4.7819142
4.6793808
3.2062023
1.6301856
1.2519
9.4413162
8.9834724
8.646078
8.318745
8.5314
8.013327
7.5908052
6.5603988
5.8292871
5.507502
4.455414
3.371004
2.1819606
1.2500964
7.2741042
8.5446702
7.9463835
6.669432
5.9265087
8.7328584
8.1635328
9.3996927
7.9319076
4.5971604
4.699842
4.4344617
3.458565
2.5763751
1.2122541
0.646254
7.8001434
7.1872056
7.5480765
7.206201
7.4412954
6.7400589
6.7915935
6.2571852
5.9709972
5.4684
4.8710454
4.2069888
3.4978743
2.8059096
2.1176496
1.3097376
0.7125267
6.8791275
5.4802116
8.1303174
7.6670817
6.7199487
6.2907129
5.3140428
6.3590805
4.100547
6.5613114
5.5660176
4.9827096
3.248001
3.9405585
2.792988
1.478295
1.3142604
0.8155512
6.3348606
6.4239345
6.2619192
6.3258063
6.094296
6.0576348
5.8600905
5.523243
5.4072864
4.9166145
4.7106111
4.255902
3.8357376
3.4869192
2.820048
2.3632011
1.808268
1.2508236
0.8012763
4.0927302
4.8002082
6.1290783
6.9473229
4.39416
5.0043009
4.4791218
4.7302392
5.402091
2.7423459
4.15521
5.1603468
3.062268
4.0908483
2.4870078
1.9720449
2.2436994
2.1316689
1.324323
0.69264
0.6174126
5.350434
5.1793803
5.2957341
4.9909029
4.9722156
5.0857323
4.8898728
4.732434
4.53726
4.336605
4.3680798
4.0683708
3.601137
3.2585985
2.9406042
2.649531
2.3247
1.9419228
1.5341628
1.179144
0.8472288
0.5410896
4.968216
5.5803312
4.099851
5.2750971
4.464231
3.3348684
3.7366833
5.0493324
3.3832242
2.1588876
4.0714023
3.694275
2.845152
3.934137
2.9831628
2.247471
3.0193806
2.161968
1.5274236
1.19646
0.89352
0.9396852
0.6985125
4.3820202
4.2883074
4.2345135
4.2047904
4.2213423
4.1102829
4.1514858
3.953685
3.8640609
3.7754178
3.6068022
3.5056278
3.2921556
3.1216752
2.8535283
2.6794548
2.4860292
2.0850948
1.904427
1.6094094
1.3086294
1.0335
0.7799484
0.5586408
3.8171166
3.458091
4.246506
4.1429115
2.184897
3.8000205
4.079952
2.724624
3.1685283
2.7946794
4.2908751
3.500487
3.0611088
3.5919198
3.5114586
2.0610744
2.1358818
2.4810819
1.385127
1.4386698
1.8732975
1.1819166
1.041903
0.682227
0.5378481
0.5319366
3.6383004
3.457938
3.500805
3.5448378
3.385572
3.4561245
3.4185258
3.3579063
3.240489
3.1054416
3.010395
3.0565008
2.8567128
2.7342252
2.5777755
2.5029612
2.380848
2.0484972
1.8899328
1.751724
1.5466347
1.3092807
1.1175552
0.9304491
0.7248405
0.5521131
0.4101939
2.5928364
2.4485118
2.838903
2.2203504
3.4407045
3.19662
2.6596836
2.6654796
2.6192628
2.1549957
1.083672
2.9225664
2.0591802
3.2035575
1.9644534
2.7006
2.3666454
1.6476462
2.380752
1.061496
1.774188
1.762506
0.9488295
1.1099571
0.4570185
0.8714892
0.5516544
0.475608
2.945736
2.8777938
2.9214324
2.9405019
2.8022148
2.8528542
2.8445781
2.7356019
2.6189568
2.592798
2.590656
2.614545
2.428866
2.3556309
1.83924
2.2121004
2.0480424
1.9635078
1.7973912
1.7426394
1.5204237
1.3878108
1.206339
1.0848006
0.9451068
0.790686
0.6415032
0.5143737
0.4052502
1.8207507
2.4327204
2.3476524
2.61744
3.3361848
2.9496636
2.2293198
2.613078
2.5322502
3.0810663
2.5040658
2.1466575
2.3563998
2.3250732
2.194101
2.0790105
2.1441888
2.178618
1.578915
0.825066
1.0612488
1.1830113
1.3691286
0.8829072
0.4531743
0.91806
0.6036366
0.750975
0.4842
0.3655392
0.3433752
2.343891
2.391543
2.3328
2.4127089
2.2935159
2.2826034
2.1866946
2.2336776
2.2547298
2.1329259
2.1773523
2.1101355
2.0724012
1.9601796
1.8899052
1.8693045
1.7802
1.7066709
1.5691032
1.4925915
1.4534388
1.3122324
1.2471228
1.0929807
0.9817197
0.8712981
0.780261
0.6614712
0.5731608
0.4562778
0.3702699
0.2990844
2.018016
2.7592008
2.404236
1.9392315
1.7274081
2.3217804
2.2412361
1.7241186
1.8764835
1.5242886
2.1228063
1.4665194
1.4652288
1.604625
2.0731515
1.7505372
2.1399615
1.2578328
1.9144488
1.1666655
0.921456
2.096073
1.2597006
1.3491828
1.4401608
0.889245
0.62181
0.5871348
0.5343195
0.6370665
0.3642243
0.379725
0.2668284
1.9371924
1.9319589
1.8705225
1.907061
1.8730368
1.8720288
1.8621408
1.8571905
1.7664732
1.7613666
1.7721306
1.7475042
1.707108
1.6486848
1.59327
1.5434496
1.51902
1.4747157
1.44333
1.3621368
1.267776
1.172637
1.1614728
1.06002
0.9749886
0.9127482
0.8149167
0.7449915
0.647634
0.556512
0.4863156
0.4155516
0.3286236
0.287328
1.161684
1.7637897
0.973845
1.668003
1.0853976
1.700475
1.406601
2.029647
1.8105651
1.2758526
1.8320424
1.714332
1.2896394
1.4867748
2.102124
1.639872
1.365174
1.2932163
1.556169
1.3696116
1.0588734
0.7411527
0.9509076
0.9439749
1.0632072
0.963576
0.8218944
0.8084535
0.7061589
0.7516197
0.4977183
0.30933
0.3748248
0.2620428
0.263529
0.2087352
1.569114
1.6469058
1.5061113
1.5825018
1.5549354
1.5520095
1.49856
1.5490776
1.4460912
1.455381
1.436631
1.4492835
1.4608407
1.3687056
1.3061493
1.2913344
1.2864084
1.2667788
1.2210507
1.1611425
1.1067372
1.0705374
1.0063638
0.9466242
0.8742774
0.833208
0.7527156
0.7232904
0.6544236
0.5916243
0.5165316
0.4650738
0.399255
0.3510336
0.2987928
0.261873
0.2246244
